0.8566589530562516
0.9227118757175928
0.9393131434627593
0.9461548781916301
0.9532481470462097
0.955310728708919
0.9571888520911366
0.9576416138524472
0.9587986719185715
0.9602240332816054
0.9608444847019361
0.9604923365205436
0.9600898817091131
0.9614313982896139
0.962051849627985
0.9622027702437411
0.9631082938563181
0.9637119763973042
0.964382734611592
0.9646342690571431
0.9653217963066988
0.9651876446402529
0.9656907132814783
0.9660596304241751
0.9659590167622973
0.9662105511178928
0.9668980782035291
0.9667974646196129
0.9669483851534094
0.9667639267169946
0.9673843781293292
0.9675688364957785
0.9677365261468025
0.967870677887212
0.9681389810481885
0.9694637287613387
0.9685917430513801
0.9685917430553781
0.9684240534863138
0.968658818884603
0.9689438911628071
0.969597880333831
0.9701680249602045
0.9691786565610964
0.9698158769427313
0.9695475735358758
0.9697488010275487
0.9697823390281188
0.9698326458920414
0.969413421881424
0.970302176704612
0.9704530971564489
0.9703357146152265
0.9706375556868175
0.9700674112243632
0.9705537109002863
0.9702015629567766
0.9709058590816788
0.9705034041063292
0.9698494146974225
0.9707381695126145
0.9710400108180903
0.9710735486587392
0.9710232417008628
0.9713083140690226
0.9697991078954693
0.9706878627186575
0.9696649562410175
0.9711741624765402
0.9701177180063262
0.9710567797793946
0.9712244692704973
0.9711238556086196
0.9714424657154783
0.9714256968401318
0.971375389968213
0.9710400106621672
0.9709058591636385
0.9716101553665023
0.9711909313518868
0.9705704799355541
0.9721299930469937
0.9719287655593188
0.9721132239257682
0.971794613904867
0.9723815273286256
0.9722641446234839
0.9722809134988305
0.9713083140530304
0.972129992969032
0.9663614717296508
0.9707046315120444
0.9718113826942559
0.9717946138968709
0.9716269243238086
0.972129992965034
0.9716436932031531
0.9720629170578474
0.9721132239257682
0.9729684407483861
