0.5440152178998837
0.327351535647314
0.2818188580529178
0.25436719488259446
0.2382982125260246
0.22727114545135293
0.22214123888218382
0.21084083045117186
0.2043244905583265
0.1984503891282881
0.19259060172851072
0.20039286051161373
0.1838067731946925
0.1799531749169751
0.17726830222099688
0.17442615008981527
0.17054494962292305
0.16662396487040934
0.16569975829427216
0.1624677445402011
0.16168765635635762
0.15792607045850152
0.15561289690570723
0.1557591922846977
0.15192404362407733
0.14956180712238876
0.1487802067084313
0.1459952713192678
0.14645368838067205
0.1449981432677021
0.14600890399420646
0.1421189211027909
0.14127501534460382
0.14354683530048631
0.1417496244403298
0.13992008288643085
0.13842414309259513
0.13608418055586444
0.1371316389567263
0.13412419040393578
0.13470779628505553
0.13107313954970165
0.13139574061999898
0.13202412942237635
0.13253951693039773
0.1302500604353776
0.1287043865676758
0.12779314213767065
0.12831548746099808
0.1284326542059436
0.1289699936168475
0.12577697358660778
0.12763169228858792
0.12543915516893392
0.12274301421225571
0.12270422752563519
0.12241498165789919
0.12380521481310464
0.12133269920877622
0.12196362286225076
0.12207298513701341
0.1226887232400564
0.11935109432706577
0.12637507950824717
0.12525720233232224
0.12150535779999168
0.11863529199035143
0.11970889324799291
0.1171806826125112
0.11816295528274817
0.11897992730508723
0.11772000350845113
0.11690812657009171
0.11563357667307125
0.11666510220657914
0.11676902122273952
0.11466958396850849
0.11425940899191189
0.11540401018350899
0.1152360827831089
0.11069385659160955
0.11411855145808016
0.11078213808934893
0.11235565993579859
0.11289753365090952
0.11298187842932643
0.1111919209944394
0.10966486792716527
0.11171163372147913
0.1105856458703241
0.10952979500735131
0.10874069920325295
0.10950813833778175
0.1097895953179825
0.10793685599390658
0.10846126709138915
0.11062072384202434
0.10860217911405692
0.10716655442456638
0.11048708718829171
