0.5324384109308715
0.2928188299484671
0.24100669166585764
0.21427691192315426
0.18680825962490424
0.17837707428578045
0.16884009297050717
0.16477477285012349
0.1618562193958677
0.15714444444905337
0.15441896052800638
0.15174033133705428
0.1557866003418423
0.14902685245303923
0.14572807962267467
0.14490519914768965
0.14123261851127483
0.1407593043817338
0.13812710744294657
0.13749547914171792
0.13677945105079659
0.13445785039091995
0.13290505602250666
0.133223261071606
0.13214535860793108
0.13055198256370026
0.12931444812585408
0.13020076832559166
0.1277257206380891
0.12882744956862924
0.12826630692828703
0.12714317555730123
0.12545820967309487
0.12387792212816696
0.12625383306603902
0.12194428124426036
0.12256721849732105
0.1221025403595632
0.12163012707285803
0.12068799944646914
0.12040788985939498
0.11887720435139126
0.12059994413586662
0.11953821303731148
0.11928237849205485
0.11978770566183236
0.11923989524151088
0.11572244575366922
0.11977075403711464
0.11803395741861519
0.11638901066190581
0.11720901790895256
0.11736464041253389
0.11595269932877662
0.11786399995748532
0.11561810968482295
0.11472217471035177
0.11908129994052914
0.11988427134895843
0.12129179325040831
0.11566826433371133
0.11811105247700535
0.11235697616138948
0.11371157447090251
0.11495394768715544
0.11733028749193601
0.11843154029946622
0.12355838410755468
0.11219191218247479
0.11734673234823664
0.11555094461679802
0.11184975306497884
0.11388817569623552
0.11313666401744372
0.1141722531398945
0.11347866400930888
0.1128534251382926
0.11326009558252827
0.11325139275516155
0.11426404792181134
0.11508664899590101
0.11429690098821084
0.11191806474030087
0.11199407363350124
0.1119877676856739
0.10910568468450849
0.11024092373422531
0.11126862001814072
0.11341760502954194
0.11064425714619583
0.1403241145075373
0.11637038710748669
0.11533667333842636
0.11429207921392957
0.11150927456677966
0.11069941212492705
0.1130276824480016
0.1109513405172099
0.11277103733969641
0.11089659479616969
