0.8512258108270622
0.8808733272545294
0.9257302880327151
0.9406714291404973
0.9497266659259428
0.9540698260281789
0.9566857832859919
0.9573900795048478
0.9595029681174373
0.9607774089506728
0.9608444846279725
0.9607941777560538
0.9614817051615326
0.9616326257692926
0.9619009290122289
0.9623536909334608
0.9630579869843994
0.9632424456706912
0.963980279710206
0.9643156588563306
0.964533655227348
0.9648858034946983
0.9653385651860434
0.9660428615448304
0.966109937210136
0.9664956233141372
0.9662440888725841
0.966881309250221
0.9677700641433746
0.9680719053009232
0.9683066706212509
0.9679042156419032
0.9680383673083491
0.968457591233009
0.9679377536424734
0.9686923566352963
0.9695643425011781
0.9686588187246818
0.9696649562490136
0.9693966529201197
0.9696649563269751
0.9695811114584844
0.9697823388602015
0.968910353166235
0.9696314182484435
0.9703357146152265
0.9703021765446909
0.9713250829323751
0.9709058591596404
0.9700674112983267
0.9710567797753966
0.9708890901203746
0.9710735485807777
0.9708220143771074
0.9711741624805382
0.9714089278788275
0.9720293792171986
0.9712580070991521
0.9710400106621672
0.9711070864913921
0.9715766174558879
0.9718784586874001
0.9721132240037297
0.9722306066309098
0.9725492168197283
0.9724318342785059
0.9718449207727876
0.9724653721071607
0.9725492169796495
0.9728342890979322
0.9727672133426709
0.9722641446274819
0.9725659857770345
0.9719790722673183
0.9728845960438146
0.9726665996767951
0.9729516718730395
0.9729516718770376
0.9723982962819337
0.9716604620784998
0.97338766468504
0.9734547405922266
0.9736056612079826
0.9730690545701851
0.9732199751939373
0.9740416541019428
0.9732535130265901
0.9736224302512465
0.9733038198945108
0.9732199751159757
0.9728845961217761
0.9742764195821917
0.9737901197383513
0.9736391990366374
0.9735218164214515
0.9736391990446335
0.973203206232633
0.9739075023575352
0.9738739644469208
0.9737230439910859
