0.8458901188861855
0.9110563392283486
0.9239855356736725
0.9308936155706348
0.9349275930874921
0.9376311255895815
0.939763249014959
0.9418442014771351
0.943285516912003
0.9451020860695584
0.9463216606682928
0.946722499871056
0.9481638153069405
0.9495369027922288
0.9502959387313012
0.9511232026199533
0.9516263837481024
0.9528033158793663
0.9535111808542207
0.9541081754140583
0.9547222269592576
0.9554215634434646
0.9563085267879987
0.9567690654476606
0.9575366298804305
0.958295665819503
0.9579033551094206
0.9584321217186621
0.9588073754413495
0.959643167823699
0.9586026915926109
0.9599843075715967
0.9602998618373855
0.9598222661903286
0.9598052092039504
0.9608542139297526
0.961357395056885
0.9621079025022601
0.9618264622102445
0.9622614153877973
0.9620823170211678
0.9628413529602402
0.9631824927081379
0.9628498814539376
0.9627134255547786
0.9635833319119177
0.9642059119508144
0.96437648182578
0.9642400259266208
0.964359424838385
0.9639074146714038
0.9647346785610725
0.964802906510652
0.964896719941324
0.9657495693110683
0.9665938901860984
0.9661333515274532
0.9654425435369437
0.9656813413614888
0.9661589370085456
0.9667047606041652
0.9653828440820782
0.9673443976314735
0.965570470943422
0.9653146161324987
0.9672164702260119
0.9666365326545857
0.9672676411892132
0.967821993279547
0.9671823562512221
0.9673102836577003
0.9673955685956915
0.9674040970883723
0.9677708223173623
0.9674637965432377
0.9684445733194603
0.9686322001797874
0.9684531018131578
0.9677367083415559
0.9686407286745015
0.9694168216009689
0.969015982397189
0.9695447490064305
0.9695873914749177
0.9688368840295427
0.9691097958268442
0.9692291947396251
0.9692718372081123
0.969015982397189
0.969536220512733
0.9697153188793627
0.9698773602606308
0.9697153188803793
0.9699114742354206
0.9706960956555853
0.9700308731471847
0.9695788629812202
0.9706193392112916
0.9705084687942416
0.9702611424770157
