0.7255798417196728
0.4627724474635704
0.39227261161395294
0.35360965961955293
0.32243694796782396
0.3007094456645949
0.283592969367982
0.2677489808652961
0.255879909215548
0.24225111548468306
0.2320045727457131
0.2229780630057117
0.2122147954873782
0.2037943942714162
0.2007996227266242
0.19330087828334458
0.18322158299255487
0.1776162989384941
0.17561031172474076
0.1692965966449289
0.1635510118377412
0.1623985141462446
0.15414153746679857
0.15186361133920873
0.14653332815471048
0.14505989623542198
0.13971095212289047
0.13988552262244489
0.13650285436574883
0.13446402379539266
0.13116587675134123
0.13164583936874016
0.13234470001685178
0.12527822611926004
0.12513432837262867
0.11966903126539302
0.11960301163788885
0.11934209205947902
0.11982813942448338
0.11773194441158882
0.1132096245468179
0.11407227200297738
0.11248916717361315
0.11284486114187779
0.11049998961947144
0.1101595808065583
0.10750611980729911
0.10862229506542379
0.1081820664553942
0.10552874644725327
0.106921429437697
0.10365281420694332
0.10419928270100491
0.10265053947405874
0.10268990003544899
0.09773889943192443
0.10138420129607652
0.09805325145895452
0.09755621261901154
0.09551348610138453
0.0967620237011456
0.09602632611146196
0.09420036210600254
0.09327458036667925
0.09422639742216966
0.0972675727524639
0.09506122970185239
0.09532487061639262
0.09357491128338323
0.09244986589478275
0.09236334833441362
0.0901751173225764
0.09395728265610927
0.0891137481643902
0.09387652290883766
0.09145718925967264
0.09178847764353769
0.08897193821886652
0.08790523626451806
0.08896607032113073
0.09018193841725368
0.08633378117090339
0.08886419834315375
0.08469966567426886
0.08690934034227148
0.08329363273136622
0.08227160557896965
0.08198961805623733
0.08009939307086347
0.08072421607437216
0.08386272375855383
0.07972160140447272
0.07867566855936306
0.07884393141021159
0.0800581273059764
0.07967426734523718
0.08064461986281109
0.07540227755772794
0.07918016120160055
0.077945101147926
