0.7697502039682678
0.8478136337618555
0.880691582622237
0.8912458555394241
0.9009148193795893
0.9066606488805111
0.9113128612862883
0.9160345096960371
0.9195931050066695
0.9228739562900342
0.9250264724783378
0.9270401166535248
0.9312583540205115
0.9329248181644592
0.9351294113572934
0.9375596715687261
0.9396774697519399
0.9403023938073429
0.941847344943823
0.9437915531098651
0.945440658254372
0.9453191452438003
0.9488950995538736
0.9489471765604737
0.9506830767094276
0.9507004357119726
0.9526967208846148
0.9526272848785737
0.9534952349540854
0.9540507230024129
0.9551964171020882
0.9542590310205357
0.9549360320794348
0.9569323172531116
0.9574183692953981
0.9589112434252782
0.9590674744388703
0.9583210373739303
0.9594320134705852
0.9598833475098513
0.9608207335924385
0.9604214765577032
0.9609248876014999
0.9613415036367108
0.9615150936528478
0.9609596056045203
0.9626955057555436
0.9625913517464822
0.9634593018209593
0.9634593018219939
0.9637717638481434
0.9643966879025119
0.9652472789765133
0.9642057388858993
0.9645876369191244
0.9657506900234141
0.9640668668738174
0.9655944590067179
0.9658895620323918
0.9668963841199855
0.966115229052025
0.9663235370711823
0.9668963841210201
0.9670526151335775
0.9668963841199855
0.9674865901734027
0.966861666116965
0.9669137431214957
0.967087333136598
0.9665839220928012
0.9680073602166404
0.968059437221171
0.9669658201260264
0.9692051313208464
0.9670526151335775
0.9684934122589268
0.9682156682357979
0.9698474143767251
0.9694828753450102
0.9693092853299078
0.9693092853299078
0.9690662593097993
0.9698994913812558
0.9702640304129706
0.9698126963747392
0.971253493499054
0.9714444425156665
0.9713576475081154
0.9727116496259135
0.9716353915322791
0.9716701095352995
0.9714444425156665
0.9717916225458711
0.9723818285972191
0.9714965195201972
0.9721735205790963
0.9717916225469059
0.9728331626364851
0.9729373166455465
0.9730241116530978
