0.7729789782491711
0.8499314319440345
0.8761956012290173
0.8782786814102452
0.8929470376863923
0.9012099224052632
0.9069904699081709
0.9124932733869148
0.9166941517523912
0.9216414671838423
0.9239675733862136
0.9261374485739581
0.929852274897148
0.9328901001614387
0.9337233322339299
0.937629107574767
0.9375943895707118
0.9415348829135348
0.9414480879059837
0.9432013470595518
0.9451108372256776
0.9483743295096013
0.9486347145312202
0.9499192806429774
0.9516378217924905
0.9513947957713472
0.952939746905758
0.9522974638498793
0.9522453868463834
0.9559254951665528
0.9545194160431892
0.9564289062093149
0.9574183692974675
0.9579391393417398
0.9586682174041349
0.9581648063603382
0.9614109396437864
0.9606124255753504
0.9617754786744667
0.9618275556789974
0.9620185046966446
0.9628343777665909
0.9648133039387574
0.9632162758008507
0.96351137882549
0.9639974308677765
0.9647612269342267
0.9651778429704724
0.9648480219417779
0.9663235370701477
0.9659069210339021
0.9673303591577412
0.966861666116965
0.9669484611245162
0.9671394101421633
0.9671046921381082
0.9675907441803947
0.9681809502317427
0.9687885152846009
0.9687537972815804
0.9678684882045585
0.967833770201538
0.9689100282951725
0.970142517402399
0.9694655163434999
0.9702813894155156
0.9707848004582776
0.9708542364653533
0.9702466714114604
0.9711493394899925
0.9685281302619473
0.9717916225458711
0.9709931084764004
0.9717221865398302
0.9725727776138317
0.9716527505337893
0.9714444425156665
0.971479160518687
0.972295033589668
0.9722082385821168
0.9719652125609735
0.9719825715624837
0.973440727690378
0.973718471713507
0.9736316767059559
0.9724339056017498
0.9737011127119968
0.9741524467512629
0.9736316767059559
0.9724165466002396
0.9728678806395056
0.9744301907754266
0.9744301907754266
0.9737011127119968
0.9746037807915636
0.9739962157387054
0.9754543718645303
0.9748468068116722
0.9754890898685855
0.9758883469022862
