0.7162971144359833
0.4644142958695824
0.4024792160126661
0.4098846661467072
0.34664579426695247
0.31949135113173116
0.30586414967175685
0.28232487574673537
0.2683614510126174
0.25144007060922097
0.24477843865502605
0.23462905607584916
0.2209866579543718
0.21273491154632349
0.20765097621935472
0.19383161960852785
0.19070739100775977
0.18234823276980183
0.17915121881227863
0.17579582216387574
0.16608404140934127
0.158803731279128
0.15810355119361175
0.15369880657496868
0.14891354406551688
0.14780747330304686
0.14285548480153643
0.14699415784419517
0.14736443209425057
0.13358307142193293
0.13563061173062615
0.13358790616042138
0.12639838875013631
0.12922654731133928
0.12703419431739058
0.12844644334900376
0.1167208032978488
0.12026199359953561
0.11686647197445925
0.11684583563823585
0.11441891163891248
0.11194931740929323
0.10774438821174699
0.10981679438141656
0.108009220049068
0.1070112713332461
0.10723647488061294
0.10328281995252618
0.10425642980835428
0.10085971952651279
0.10019503997272061
0.09777491021421085
0.09880073298659332
0.09777567306001923
0.09708442377398904
0.09901296676132172
0.09811731365930784
0.09648886428179188
0.09294935016625241
0.09163184077435779
0.09300781140373243
0.09299493411739919
0.0908324796361066
0.088565240092356
0.08993109929878232
0.08852128968979328
0.08813687334994728
0.08637194575609222
0.08888692654275655
0.08554766438617833
0.09541492488145735
0.08401896647429564
0.08345843320162613
0.08352821312520352
0.08127847858602452
0.08346309524310347
0.08297712867381137
0.08347274553373228
0.08104361260641332
0.08222145917503923
0.08253171701245302
0.08227244791419122
0.07742703597372046
0.08049689763722616
0.08033821016293458
0.07961640715703044
0.0759675723048703
0.07748695244027812
0.07633877860152775
0.079854415342414
0.0772844635479851
0.07502910909232985
0.07582466437349568
0.07892375367839533
0.0752820837498125
0.07502252220262151
0.073071966155879
0.07298950495545535
0.07296114584604457
0.07191821170263717
