0.5687127757258907
0.3449904592055969
0.29420624768279574
0.27097871894918557
0.25539855150771856
0.24352082120731233
0.2338069960028139
0.22810851147017322
0.22195863605661648
0.21290798728112068
0.20948148002494701
0.24438719764741484
0.3647358520920564
0.29006994013788184
0.2688614180233753
0.25613363462152683
0.247427437369379
0.22867255095486316
0.23124304465749188
0.21775722831107927
0.21506126684215943
0.20683282461888344
0.20607826038857652
0.1977378269741845
0.19614769108951563
0.20088682749398573
0.1934834805279876
0.18186812545073983
0.17891890987030631
0.17478892687976097
0.17415372209116803
0.171748883039873
0.1658415544269707
0.1661759976220159
0.16154151933859068
0.15902532692235824
0.15600952980566968
0.155360841567792
0.15937966223714833
0.15952501005323463
0.14942758062308803
0.14845096561209126
0.1453741274360967
0.1425600974004402
0.14303197917976948
0.1432681724505127
0.1387024982822126
0.13827671525980173
0.13766277585151482
0.1395240918947428
0.1348368001263085
0.13399344343787425
0.13329397399406556
0.13424210463790587
0.13088460785298048
0.13218100381214826
0.12960591319636833
0.12983492546124487
0.13581964652465878
0.12582219257664554
0.12744928322415247
0.12985377819195457
0.12493144858069404
0.12419595605044785
0.15502966092724224
0.15755334242176688
0.12426870149688676
0.12456506706585768
0.12334982247331717
0.1301803136687655
0.1266012815603384
0.11985697686151292
0.12163594140733258
0.12075106169266768
0.12285713213360804
0.12332488194045484
0.1197549407428609
0.1227794081063664
0.1171268524043297
0.11938378686872282
0.1201502143079708
0.12243439481779418
0.11853269077098472
0.12075890352574314
0.1189576485401493
0.12080476502045573
0.11688850951202999
0.11989481374767538
0.11756740480446365
0.11463519120456095
0.11834981946415161
0.11801746365030234
0.12337024995038984
0.12803186278045584
0.12112346450756045
0.12219987352742756
0.11892628518017002
0.11731607134722691
0.12091661942146577
0.12196479770857784
