0.6078344919086083
0.4088351916998178
0.27955565758035245
0.22817693448896903
0.19870531770386365
0.182584127843346
0.17278713317762323
0.16777103702143317
0.16158693391018503
0.15674866841408266
0.15608197360882023
0.1537504937681797
0.15085072813869008
0.14829238589904148
0.1471257883860847
0.14510504731917623
0.14377001363085792
0.1398692752259032
0.13841992652285892
0.13788623823165377
0.13621001538426103
0.13707835074601232
0.13370123496946604
0.1316208045682417
0.1302616044293748
0.12839031574707474
0.12776670348845356
0.1270010866364447
0.12643205469157665
0.12407437991091642
0.12496718443638043
0.12315215552470277
0.12184611404200381
0.12210341253002018
0.12078842628760593
0.12093092413406703
0.12045841780168676
0.12105579704928815
0.11948021496480095
0.11888249025184087
0.11811187260346893
0.11821677194515393
0.11609611246046071
0.12141137277012112
0.11867916824146628
0.1175227802608256
0.1173358793628205
0.11315997575393812
0.11792611053196798
0.11863346516343395
0.11493050639396758
0.11511747916007772
0.11347543663928521
0.11332704426887094
0.11374116493987778
0.11301519674519704
0.11238603847860394
0.11163823877829167
0.11234048057519826
0.11270906390954533
0.10979208941965127
0.10884267804899873
0.11030037535236616
0.11163337991652596
0.1095402047970619
0.1104264988944049
0.11109017554185686
0.10826377112061214
0.10872616857154335
0.10773560605478681
0.10967720339339788
0.10918924096762728
0.10933716551469407
0.11035794515879728
0.10951352687191186
0.10959949841039496
0.10805266726322647
0.1082590764856524
0.11052654360424094
0.11098302613007902
0.10699391385591153
0.10572794570413942
0.10718532910610296
0.1062978403492535
0.10630164211001535
0.10549561532835415
0.10754196949183958
0.1057590971543331
0.1061523603768613
0.10625424781565528
0.10632965198718043
0.1053919166261055
0.1055687990257105
0.10689174858932245
0.10448616149005353
0.10484777973020214
0.11016270605185129
0.10468886168117346
0.10482697634134917
0.1068001494951546
