0.8408583076057107
0.9058454295792109
0.9188769679499207
0.925136882323844
0.9303733774530574
0.9330172105002814
0.9359936548006891
0.9370000170569874
0.9391236119876507
0.9408122537387278
0.9421512272492264
0.9341429716673273
0.8961058897777474
0.9206850086127619
0.9251454108185581
0.9290258754488614
0.9321131901673357
0.9371194159687516
0.9362750950927047
0.9405734559162161
0.9409913521073908
0.9432002319740119
0.9436948846094803
0.9461681477817387
0.9468930697460215
0.9446244904225016
0.9475668207481195
0.9500741978951678
0.9508758763027274
0.9514643423678509
0.9521807358384362
0.9536135227796066
0.9546113565422075
0.9548672113521142
0.9563767547375782
0.9568458218909376
0.9574513449434561
0.9584321217186621
0.9577583707175807
0.9566923090043836
0.9602828048510073
0.9597625667344465
0.9615279649308339
0.9616303068552032
0.9617070632974636
0.9628584099466184
0.9633018916199021
0.9631057362648608
0.9638477152165384
0.9635662749245228
0.9643935388131748
0.9643338393572927
0.964819963498047
0.9652122742081294
0.9654510720306411
0.965263445170314
0.9661418800211506
0.9660821805652685
0.9658007402732529
0.9667218175925768
0.9662015794770328
0.9670544288467771
0.9673188121513978
0.9679243352028996
0.9644447097753595
0.963063093795357
0.967224998720726
0.9673443976324901
0.9675149675064391
0.9672420557081208
0.9679840346597984
0.9680863765841677
0.9681972470022344
0.9683592883824859
0.9681204905579408
0.9682740034455114
0.9690330393835672
0.9686322001808041
0.9694850495505484
0.9693230081702969
0.9687260136114759
0.9688795264980299
0.9689051119781056
0.9691524382963481
0.9691780237774404
0.9689136404728197
0.9698603032732359
0.9690927388394494
0.9694253500936496
0.9704146553635696
0.9698517747795384
0.9699200027291179
0.9694765210558343
0.9677793508110597
0.9694509355757586
0.9686236716871066
0.9698347177921436
0.9698858887543282
0.9689903969160967
0.9685469152438296
