0.5889321749300487
0.3676622659601998
0.3065614395353127
0.2698312420231454
0.24031176445078634
0.21611956727690593
0.1968532944788976
0.1799584978974363
0.16542222741077653
0.15266808888426156
0.147053668590521
0.14906774227234001
0.1409463633162146
0.1255885146399695
0.12112378156887278
0.11942670879854546
0.11379403549519568
0.1101236880312861
0.10620712875501416
0.10655529055887564
0.10275529039430699
0.10204266557631214
0.09823540978131794
0.09651118710820872
0.09479127462579176
0.09298848241165471
0.08974375040749441
0.08953460430284725
0.09066843823401963
0.08578356322846192
0.0876944365245694
0.08460816825025833
0.0866256873409948
0.08239607679970176
0.08105837144826075
0.08371150126396668
0.08128173521120333
0.08250225268942032
0.08055947460981806
0.07716132439650224
0.07933703629800153
0.07895969544734155
0.07760700199872259
0.0762835281453544
0.07559208309826486
0.07618927445886388
