0.4154903478437189
0.26548645875217264
0.22990377634954198
0.21097421393946458
0.19891713755942278
0.18985587905773085
0.1803903259113493
0.1738280880475431
0.16807614594775497
0.16349127547114478
0.15876999098743605
0.15471974705435437
0.15204029219775902
0.1475821032193662
0.14692145908741658
0.1449482278907282
0.1434637287200022
0.14067734634406354
0.1378351816947206
0.13641751911785208
0.1353929269860556
0.13533981860226585
0.13285212843753388
0.13245346663863208
0.12982053048923548
0.12796970160805046
0.1281642667418725
0.12520001025705915
0.13651366833848128
0.12526265823848662
0.12442537088307719
0.12275103911355932
0.12098912916225459
0.1199335439571425
0.12078041374851117
0.11824582776673916
0.11766625596000863
0.11658700695133262
0.11675878310426892
0.1159005708502887
0.1161588434346822
0.11351286546952025
0.11335351846806796
0.11211245680616067
0.11352355594466225
0.11320080421796344
0.11161532550935366
0.11179909100900302
0.1104017285838898
0.11016799971912201
