0.8164898760747907
0.8861225582742932
0.9023833256476725
0.9127899192177515
0.9218650043905442
0.9287382656182157
0.9352916672892098
0.9386985435232158
0.9435782614517161
0.9475951024223509
0.9494026808694229
0.9501242245194395
0.9515747504360446
0.9563652052308196
0.9585075204198283
0.9592439412648586
0.9603671690126481
0.9612821161242419
0.9624425368582352
0.9628888525233141
0.9643840099903769
0.9643393784319384
0.9658791674654204
0.9661915884374489
0.9671065355499294
0.9680512370311553
0.9688471666402786
0.9688397280449886
0.9691372718211166
0.9702976925480161
0.9698736926670336
0.9707142538275014
0.970364639897645
0.9712200782469191
0.9717705342327561
0.9708481485347398
0.9716515167223048
0.9713688501349832
0.9725218322674793
0.9730648496589132
0.9726482883723339
0.9726110954003179
0.9727152357290566
0.9737789547287145
0.9743740422738766
0.9735111653301992
