0.8738949006285771
0.9248216020630551
0.9330742515094925
0.9379841498498784
0.941609806394787
0.9450828429003122
0.947472649371323
0.9493003674041609
0.9513737664755625
0.9525947267904079
0.9546011219427458
0.9556322378190238
0.9566856883343242
0.9574748456109141
0.9581337174880304
0.9588930952442969
0.9596264159224437
0.9602294511995636
0.9612903465961651
0.9618114881933941
0.9624108010307509
0.9628574938291682
0.9630622280283411
0.9638290506647994
0.9638737199452846
0.963940723864792
0.9646033181816713
0.9647112689421228
0.9654967037789496
0.965485536458329
0.9658987272971035
0.9661741878555469
0.9666357704136821
0.9666134357744379
0.9672425281314527
0.967510543810148
0.9668553943732385
0.9662002449352197
0.9648899460616227
0.9615844193545333
0.9665650440541897
0.9666134357742161
0.9676259394503475
0.9677450575298662
0.9682587542480128
0.9685863289669112
0.9689771851648884
0.96876500608508
0.968541659686426
0.9690479115246027
0.9691744744843133
