0.8851049242946947
0.9468299153380703
0.9555785739906527
0.9589692381065935
0.9609738285441755
0.9617041254393233
0.9627399546988917
0.964073864313819
0.9644464647669011
0.9645060808393943
0.9656536902348873
0.9657431143365203
0.9669205317682599
0.9679414570239185
0.9677626087922255
0.967658280679576
0.9688207940931924
0.9690145463287951
0.9691635865029212
0.969402050785787
0.9692232025754143
0.9700131155359485
0.969916239425254
0.9702217717967813
0.9703186479074759
0.9700727316155484
0.970966972688732
0.969811911298391
0.971525873375462
0.9717866936997264
0.9713470251650894
0.9720102539573621
0.9720922260641469
0.9723530463813044
0.9724573745010606
0.9718463097651127
0.9725617026350304
0.9728895910337427
0.9729939191606057
0.973023727203959
0.9728672350136646
0.9726287707094784
0.9730460832240372
0.9722859782926428
0.9733739716298563
0.9727629068725879
0.9731131512984852
0.973284547506903
0.9738285441826166
