0.580333351629592
0.3730767089190478
0.30994093143539336
0.2748817073139345
0.2479014570807358
0.227394910216261
0.20929479328850772
0.19338555689820475
0.1783599232828624
0.16505230761184247
0.17035086802451135
0.1692020933874102
0.1432803804496984
0.13756752023393437
0.19097602095612384
0.137952266582456
0.13148173991680687
0.12397094111901405
0.1186738604805262
0.11626174338945056
0.1110254941137097
0.10723111401795402
0.10812168975864629
0.10621035443792226
0.10141189820269833
0.09813451828186746
0.09614373073040582
0.10649609298033486
0.09502835021338282
0.09430553499266005
0.09260469867909946
0.09145096009381176
0.08961883834754193
0.08700975852466863
0.08853819616188704
0.08547965061868179
0.08511977063050977
0.08524518126451226
0.0815294765946089
0.08110015934608458
0.07942059331162857
0.07890033925787551
0.08059858519498092
0.08022659600961743
0.07841004736184257
0.08140226654025699
0.07593014071798827
