0.8839119866272206
0.9278665579696441
0.9376937995290545
0.9420639440725086
0.9451051775411095
0.9471822990522741
0.9489988497651571
0.9511318078763181
0.952274596952145
0.9531940396277648
0.9543852204231743
0.9555131197386176
0.956525623414749
0.9576721349294515
0.9578210325288499
0.9584538473265152
0.9592020577648237
0.9597083096025566
0.9606128625184585
0.960832486477793
0.9613945749150784
0.9619603857930145
0.9622805156321649
0.9625894781500292
0.9631776236683186
0.9638327731050063
0.9634493617867771
0.9644618654622428
0.9622321239121384
0.9645549264620887
0.9648638889810623
0.9652063534590132
0.9654594793788781
0.9659210619370133
0.9660550697769157
0.9666208806537423
0.9671606344513398
0.9669223982927461
0.9672648627709187
0.9675589355297306
0.9677376126498963
0.9684337089264184
0.9683294806070614
0.9688543446456066
0.9683257581666327
0.9685900514062306
0.9689027363643017
0.9691707520432189
0.9688320100052531
0.9694648248033622
