0.4314452363154815
0.21008373466296462
0.170880978877935
0.15803395028874462
0.14983160443860724
0.1452641737760286
0.13924301584556928
0.13766717866882175
0.13511001817056786
0.13063227505120756
0.12909074958635483
0.12724080157186515
0.12571180919306318
0.1260241797779973
0.12552359666756613
0.12367930616310645
0.12204551298885959
0.12066954108608256
0.11998280792134985
0.11944765520562031
0.11798243000579275
0.11750659677756903
0.11636901998549747
0.11588088793366262
0.11617233261378968
0.11535694841724109
0.11496643423749847
0.11344582484965104
0.11331516382406277
0.11291414930231898
0.11345363125476875
0.11370208038964799
0.11123469079547835
0.11248366708648606
0.11246131163983702
0.11211962664960265
0.11049312471861959
0.1103692599306292
0.11040661373048313
0.11036250312283281
0.11089432198102107
0.10880675021600308
