0.4497986978635723
0.21766253354240406
0.17832621186616324
0.16352633914262985
0.15592490076193463
0.15171268300559845
0.1456353896963443
0.14221245333635865
0.14097529545886534
0.13914684841860828
0.1380822967368804
0.1347608512485782
0.13174317040360414
0.12902303589471292
0.12722461036978
0.12782710926906846
0.1243425913157744
0.12244696036572819
0.12200011954682474
0.12188715507528758
0.12085616512016871
0.11938160729661265
0.12009759167706965
0.1174204962780468
0.11912420841896222
0.11948870773192553
0.11556769782750359
0.12487472501218397
0.11436550562624548
0.11331984434017865
0.11427363481750587
0.11213791211377427
0.1116249472577104
0.11143577704855714
0.11083136479295563
0.11382975427430961
0.11101464279767966
0.11076315658601629
0.10969729780354857
0.10957715336264026
0.11137583531653396
0.11313730244651034
0.1095814042599967
0.1111660910826041
0.10910826511934259
0.11168670233752598
0.1113553764415154
0.10797128276491927
0.10870287804566195
