0.8839796709192799
0.9474186240539401
0.9564579110599266
0.9594089066483372
0.9610707046690836
0.9625462024490754
0.964178192440682
0.9645507928866573
0.9651096935733874
0.9662051389125557
0.9671366400452611
0.96693543579349
0.9683140574627871
0.9678594849242405
0.9685450697579117
0.9686568498938363
0.9689400262239651
0.9692455585954924
0.9700131155430552
0.9695734469942048
0.9700280195540718
0.9704006200000471
0.9707508644259444
0.9706539883152497
0.9707285084058662
0.9711458209133182
0.9706316322809581
0.9710265887754387
0.9712874090925963
0.9711607249314416
0.9716376535042799
0.9715184213735072
0.9717196256181715
0.9715184213664004
0.9716749135638016
0.9714140932395374
0.971794145708788
0.9717866936997264
0.9716823655657565
0.9722114582020264
0.9721145820913318
0.9721891021890551
