0.8147789993620543
0.8863605933040631
0.906682833205629
0.9162042340408403
0.9234791793680582
0.9283663358971689
0.9329113170713178
0.9374191052805447
0.9412127884323848
0.94505854173884
0.9438683666272337
0.9442551735353134
0.9513292768207389
0.952467381756448
0.9402829641319845
0.9528913816454112
0.9554576967145157
0.95687102964403
0.9587083624687148
0.9585075204118476
0.9609250636008689
0.9618400107124627
0.9618846422779952
0.9629334840888466
0.9638484312004404
0.9649195887874074
0.9654328518012283
0.9641757293541813
0.966251097187354
0.9668759391154494
0.9669726408426911
0.9681256229760741
0.9683562194096673
0.9688992367931203
0.9682446404927325
0.9697695523462756
0.9699406400095685
0.9700522189327104
0.9707365696186918
0.9711680080860967
0.9714432360790152
0.9722317270857546
0.9720383236312713
0.9716887096943209
0.9721424639600101
0.971398604512596
0.9728937619947334
