0.47443279299099694
0.27659582076270744
0.24553153236129732
0.22720953740192046
0.21643719223597524
0.2036081230304582
0.19508466683018222
0.18884627455180095
0.18049633209198085
0.17655795844196223
0.170262500455414
0.16663108087286546
0.16200027230825037
0.16067830170902478
0.15855804159865394
0.15391926444016435
0.15168619053857477
0.14941564082518496
0.14786323172926627
0.14540465399258765
0.1419438159254543
0.14143572795307813
0.1394559755114239
0.13730175724794688
0.13748463380999768
0.13867265528033756
0.13486295323638164
0.13607370803302574
0.13298749635095589
0.1328943334353041
0.1328395361997462
0.131861442185078
0.13081057202102084
0.12917654121815267
0.12689774520021127
0.12779317893916206
0.129321556886867
0.135406372815871
0.1540330591511932
0.16621155106286284
0.13467224327737207
0.13157846492010683
0.12485740952426622
0.12437958827011651
0.12466890969083455
0.12351690949704447
0.1220029424775923
0.12323248421816449
0.121708993072329
0.12189030181743082
0.1215965152720342
