0.44407929751556185
0.2777081502787609
0.24222692089472092
0.22121658934532057
0.20827803466441855
0.19708551982315384
0.28743721711675574
0.2154978928937872
0.1898593652404183
0.18406158016443508
0.17800587077497113
0.18504918421831434
0.17805534235018428
0.18901028576405945
0.1666041823095475
0.16153433764522596
0.15900034593221377
0.15466230386813115
0.15524289817770937
0.1511819878822471
0.1501389554853317
0.14665476490161186
0.14705248854896819
0.14539764702671104
0.1445706970407699
0.14346579595467332
0.14313336853674213
0.14267777271501964
0.14075241290870802
0.13760933625843905
0.13702640395599835
0.13596067216491065
0.13475942390840245
0.1347531038910158
0.13330891138195033
0.13281525530844027
0.13362515693957083
0.1323349161169034
0.1317830625225009
0.12945773328905646
0.12894086193640192
0.12910722310228948
0.12749175861779102
0.12637992956661137
0.12902848389590013
0.1251795136977171
0.12402956107667124
0.1250921559675666
0.12365606337560851
0.12503254663797597
