0.8768281833353954
0.9250188913804831
0.9340346410249469
0.9390748247641408
0.942298457791783
0.9449116106621134
0.9214379041160596
0.9401915567607386
0.947133907333579
0.9483623125279507
0.9494753220834541
0.9482766964071871
0.9505027155184159
0.950718617038653
0.9529855829883851
0.9542884369837872
0.9548951947017796
0.9562278282157302
0.9565367907353695
0.9575046251307938
0.957657245170621
0.9586771937253911
0.9586027449268012
0.9596561954421015
0.9598981540406802
0.9601698921598043
0.9602257287604662
0.9610744450765936
0.9612345099955032
0.9621465077922625
0.9623810215106494
0.9627718777095141
0.9629282201891044
0.9630212811887284
0.9635796471862508
0.9644730327833071
0.964085899023096
0.9641975722241981
0.9640375073039572
0.9648973909409271
0.9651505168603481
0.9651616841800812
0.9655860423383668
0.96606251465622
0.9651914636999609
0.9664682606150244
0.9664347586544942
0.9667772231331107
0.9668293372933439
0.9663640322956675
