0.8780789231696767
0.9254916412594606
0.9346860680232026
0.9398044230023026
0.9373290004127471
0.9373215555310022
0.945469976659192
0.9490658536851083
0.9493301469238187
0.9438097684267867
0.9527287346298665
0.9548430805419902
0.9569909284130911
0.957471123171151
0.9585729654066996
0.9590457152845678
0.9611377265558942
0.9608362089179998
0.9618375452726232
0.96189710431327
0.9627383757492057
0.963728544785871
0.9636950428260064
0.9649234480208218
0.9647298811413819
0.9657088828580923
0.965988065856077
0.9659359516973969
0.9666357704136821
0.966978234893186
0.9667623333733927
0.967395148170836
0.968113579087268
0.9681731381281368
0.9684858230859861
0.9687575612055538
0.9697030609621777
0.9698110117217417
0.9696360570420047
0.9698370688016363
0.9698259014816815
0.9703172635590308
0.9701683659605198
