0.4373084352737063
0.2689259617101959
0.23432103334244583
0.21390508237433625
0.22628648906213886
0.2227082347952943
0.1934989148260357
0.18029744398087097
0.17867439114716552
0.2007849117729153
0.16632959044651793
0.15930445904510826
0.15348297980064765
0.1505392168961478
0.1460002077882034
0.1441536410670607
0.13941693452040455
0.1390370805361589
0.13540454731132842
0.13516739349785492
0.13360003531774578
0.1301365132372569
0.13047541812613123
0.12506424290483784
0.1254087034857719
0.12397981394399187
0.1236202833939245
0.12333035545173457
0.12130767579431073
0.11912642779610065
0.12026779022534402
0.11877292851489189
0.11666149454330159
0.11684476147854507
0.1148408625798618
0.11435432917570328
0.11191920450437756
0.11128496306629963
0.11185376319475239
0.1107995408965832
0.11088643227624809
0.10962776806590588
0.10886511396953448
