0.819502959387313
0.8984000545823596
0.914629778088594
0.9218022412881437
0.9252306957534991
0.9270557934057687
0.9289576475002985
0.9325907858154093
0.9356951575212786
0.9363774370170741
0.9386801303153837
0.9392856533679022
0.9417845020202363
0.9421341702628482
0.9432343459498184
0.9421853412250328
0.9444965630170399
0.9454858682859434
0.9456564381609088
0.9478909035086223
0.9488546232964333
0.9492213485254234
0.9507223634151568
0.9513449434560868
0.9528374298531394
0.953118870145155
0.9539887765012774
0.9542105173384277
0.954850154365736
0.9560782574581678
0.9529824142459958
0.9549866102659117
0.9547648694287615
0.9569652208027019
0.9581592099203439
0.9571443191693314
0.9578010131850513
0.9583638937690825
0.9592934995821039
0.9589608883279035
0.9594640694560527
0.9606324730926024
0.9604363177375612
0.9603851467753766
0.9606410015862998
0.9615450219182288
0.961664420829993
0.9623381718310743
0.9620567315400754
0.9624746277312501
0.9627304825421734
0.963011922834189
0.9631057362648608
0.9629863373530967
0.9629181094035172
0.9634980469749432
0.9636430313677998
0.9642314974329234
0.9645299947123339
0.963702730823682
0.965084346801651
0.9648284919917444
0.9654084295631705
0.9652037457144319
0.9655875279308168
0.966013952615689
0.9653146161324987
0.9653231446261962
0.9657069268415643
0.9654084295631705
0.9650843468026677
0.9661845224896379
0.9666535896429973
0.9671994132396337
0.9672335272144233
0.9664233203131662
0.9663977348330907
0.9664318488058471
0.9676770088866904
0.9673273406450953
0.967335869137776
0.967591723949716
0.9667474030736691
0.9674637965442544
0.9671397137837515
0.9669009159602231
0.9678134647858495
0.9685639722312245
0.9682825319392089
0.9679669776724035
0.967932863696597
0.9681034335715626
0.9688283555358452
0.9685213297627373
0.9638903576850256
0.9673870401009773
0.9679584491787061
0.968188718508537
0.9679584491787061
0.9680352056209663
