0.6551838622142362
0.3728639010677321
0.3108599529333438
0.28150983106697663
0.26146194289845587
0.24963611283945578
0.23891533679095706
0.23114071795350402
0.22227459231043878
0.2165586057340818
0.21136456101912687
0.2067356881298853
0.20038122284063817
0.19807001875206814
0.1948386079152304
0.19227497464316795
0.18506790574823737
0.1826829674906305
0.18051659327808572
0.1780930026532773
0.1760036488546189
0.17392040421279595
0.16865942773008252
0.1680281406752129
0.1682528380647004
0.16633633560913222
0.16523896714130018
0.16194308700373994
0.16050825311404093
0.158516841265112
0.15907186543676388
0.1562868550422095
0.15760357532989777
0.1542563479453641
0.15328177271734983
0.1543260067085134
0.15287323783010487
0.14951078605829368
0.1507060771897718
0.14828113427321096
0.14780306601493548
0.14760016472246565
0.14524570552865634
0.14663284800766635
0.14792295666030106
0.14480773571348793
0.14396621580247496
0.14728811917815446
0.14244745152075344
0.14228586048299682
0.13990179615524073
0.14189708693281217
0.1450438031310177
0.14243798106001415
0.14130712452099348
0.13961308852974502
0.13967507338765123
0.1377573587998825
0.13793474338022974
0.13720023735974465
0.13733684340237753
0.1360371190153387
0.1372421679770396
0.13474824715384082
0.13855276258879118
0.13340914584282157
0.13140620698792924
0.13023453746279157
0.1326071748027622
0.13153414781960984
0.1360396262179054
0.13081445550505352
0.1318104489231272
0.13114169943514
0.13003452751656017
0.12859567279880904
0.131659115180072
0.1300144724365345
0.1303714866141001
0.13009490231354026
0.1284773777919673
0.13025224946963743
0.1309382329159631
0.12613751073442636
0.1285968340642236
0.13433804614684022
0.14461613183828623
0.15636504318008565
0.15213028760554634
0.13580744835622177
0.13410550544911262
0.128981173516352
0.12950079725426958
0.12578042815532414
0.12346499604971492
0.13204228669399393
0.12551398436520972
0.12499719227468446
0.12552658525939764
0.12314615187276444
