0.6597624102308626
0.3616777181984761
0.31003108368266585
0.28245911217503733
0.2653632594756781
0.2610520645385124
0.2578421747570408
0.23795621163804023
0.2307431211310549
0.22224135415548393
0.2150162900876418
0.21250044222349443
0.20563947720506867
0.19947818765047212
0.1978024822304796
0.2043408843191878
0.19545732038524663
0.1900749452922484
0.18975201857043839
0.18053723430944063
0.17722599177467865
0.17758118525052888
0.17215624687556857
0.17082895800328463
0.16614620123752247
0.16602135616370006
0.16098300955067096
0.16067923768135572
0.15977872535583973
0.15637431053719023
0.17263377256447326
0.1632199815191227
0.16103459781945928
0.1539119727613172
0.1507324553502666
0.1533483880564507
0.1513500507320316
0.15113240824421542
0.1490096480173071
0.14788276644408893
0.14629072132560647
0.14224487239960398
0.1424886585270003
0.14289308287634
0.14314678361201608
0.1406114323094772
0.14062732694453592
0.13887223775396124
0.13930577616153084
0.13724990664206138
0.13536617883603738
0.13567366643100462
0.13539860458310948
0.13553993074168721
0.13566194892776987
0.13451782829966374
0.13440838758691878
0.13242108747388506
0.12985594410129078
0.13306720481718542
0.13038059798190935
0.13153964956625014
0.12826760874416424
0.1279505314141168
0.12667033609391326
0.12821338542849997
0.12822512482772583
0.12966526149869756
0.12622797415558942
0.12747939720567036
0.13023186832085892
0.12596735872155065
0.1255495957438487
0.12191628108135408
0.12306774052691012
0.12476885408708073
0.12229459385309299
0.12593470335089066
0.12153136199403608
0.12381121016415018
0.12118378974432378
0.12114573606853511
0.12277083189584208
0.12282196752550893
0.12112854094209226
0.12188717130135894
0.11897907117653256
0.11748604072363572
0.11799912339120744
0.11805711700347517
0.11850815501769317
0.1181878165888075
0.11669470609703034
0.11818935538053056
0.13831508659582947
0.1224381905004606
0.12072064509303834
0.11723389517867953
0.12125169259236479
0.11924858849449835
