0.8154860388558173
0.8944343050130485
0.9156446688385897
0.9224418783154519
0.9278489433196309
0.9308765585822232
0.9331110239299366
0.9352772613301039
0.9371535299425247
0.9389189281389121
0.94061609838572
0.9407184403090726
0.9428846777082232
0.9430723045685503
0.9444112780800655
0.9450594436010712
0.9465263445170314
0.9479506029645044
0.9482405717492008
0.9488972657639039
0.9498439285653368
0.9510208606955839
0.9523768911934775
0.9511487881000289
0.9513961144172548
0.9529483002712061
0.9524792331178468
0.9536220512733041
0.9534429529066745
0.9540740614382519
0.9545601855800229
0.9557030037344636
0.9550804236955669
0.9558650451147149
0.9562914698006039
0.9562402988384192
0.9566326095485015
0.957366060005465
0.957059034232357
0.9581250959445374
0.9577924846913538
0.957621914817405
0.958636805566384
0.9585685776178211
0.9578862981220256
0.9590291162764664
0.9591655721766421
0.9581336244402682
0.9593617275316834
0.9597796237228581
0.9597966807102529
0.9594299554802462
0.9591826291640371
0.9600525355211762
0.9599587220905044
0.960700701042182
0.9606580585736947
0.9611782966892387
0.961280638613608
0.9615535504119262
0.9616900063100686
0.9613318095757927
0.9622102444266294
0.9621334879833524
0.9614000375253723
0.9620055605778908
0.962645197605199
0.9629863373530967
0.9625769696546027
0.9628754669340133
0.9623125863509987
0.9625854981493168
0.9627134255547786
0.9629010524161222
0.9633786480631791
0.9642229689382092
0.9633018916199021
0.9634042335442714
0.9632592491514149
0.9639415286472103
0.9642400259266208
0.964129155508554
0.9641291555075374
0.9646920360925854
0.9642741399014106
0.9633189486072969
0.9628157674781311
0.9616217783615058
0.9607433435106691
0.9621590734644447
0.9633615910768009
0.9636430313677998
0.964726150067375
0.9649564193961894
0.964973476384601
0.9634724614938509
0.9648455489791393
0.9655619424497245
0.965698398347867
0.9658092687669504
